271436
426598
533401
554909
458298
462580
413984
401785
401717
401985
401781
396072
411026
402056
401057
401514
338280
276509
274869
275013
274432
274477
274447
274428
274651
274564
277512
274303
274330
276731
274383
274115
274085
274356
274078
274101
274092
274033
276836
274213
274299
274213
274127
274202
274082
274149
274118
274225
274499
274548
274194
274059
274138
274199
274500
277175
275129
274613
274527
274582
274632
274466
274530
274111
274105
296834
278310
273392
274400
274243
274100
274126
274224
274202
274180
274078
274179
274085
274100
274138
274055
274123
274100
280270
277515
274545
274647
274440
274470
274081
274108
274040
274081
274040
274051
278337
274044
274063
274176
274017
274025
276467
274025
273995
274142
274013
273930
274070
274002
274010
276817
274130
274157
273859
273983
277210
276230
276814
279245
279158
279094
279249
279298
279075
279158
279252
279211
276995
272842
276101
274680
275499
275096
275490
277936
275491
275558
420402
276237
275528
275728
275450
274982
276015
275272
275405
275604
275415
275491
275559
305718
275694
276411
275698
540603
277221
402723
275572
275219
277718
274681
274680
274640
283028
276173
289293
278657
278808
276395
278714
278736
275917
276528
437224
304236
300595
300109
303859
300170
300327
299751
299999
351765
273463
300429
299827
299076
298857
298561
298835
298666
298368
299227
298798
299679
275596
277512
275084
274737
274591
274609
274639
274473
274906
274696
274560
274632
283341
359879
275676
275186
274748
274779
274707
274481
274485
274537
274462
274473
274473
274519
274601
274519
277372
274489
274511
274519
274591
274334
274470
274564
274394
274337
274443
274349
277138
274481
274395
274432
274432
274319
274458
274451
274477
325334
275212
275110
278114
275013
274639
274484
274511
274440
274421
274447
276720
274401
274376
274496
274492
274428
274428
274334
274477
274440
274349
274462
279576
274428
274556
274790
274620
274489
274394
277282
276664
278514
276602
277168
277198
784001
718424
317137
273546
273919
272189
271676
271587
271542
271537
271643
271647
271643
271639
271643
271643
271643
271643
271643
271643
271643
271643
271639
273855
271489
271492
271492
271492
271918
271493
271492
271492
271492
271492
274722
271526
273573
271499
271492
271499
271492
271489
271492
271496
271548
271538
271549
271545
271541
271530
271552
272250
271602
271579
271601
271616
271741
274741
275375
274557
275220
274876
275732
275159
274737
275465
275182
274824
275740
296284
321211
299095
275578
275246
276761
274798
274688
274719
274669
275084
275001
274628
274654
276994
275231
278310
278129
276109
278276
279512
277768
276848
277379
276622
276490
275714
276135
275702
275619
275729
275175
275578
275050
274560
278430
274439
274538
274598
274500
274621
274447
274533
274459
274575
275552
274571
274406
274462
274395
274443
274334
274447
274353
274560
274397
274602
274421
274504
274545
274379
274326
275551
274424
274428
274364
274428
274429
274496
274379
274379
276889
274579
274564
274854
274380
275370
274925
274726
274496
274455
274315
274296
274195
274232
274356
274394
274319
274469
274375
274402
274711
275657
274301
274315
274439
274315
274307
274206
275491
274353
274462
274315
274424
274316
274304
274251
276493
274240
274307
274247
274322
274624
274741
274658
274311
274307
274353
274259
277307
277703
277228
278804
278793
279097
278977
279068
278690
278792
278917
278834
274202
275053
275559
274790
275129
274748
275317
275830
274808
274922
275638
275016
337824
275558
275939
275785
275009
276004
275231
275306
275679
355941
275917
276957
275713
276128
452623
346417
376839
309818
299661
312882
275439
274967
275159
274673
274587
274409
274519
274500
274503
277820
276863
274534
274624
274994
274556
274526
303746
299555
299035
298865
298771
298613
298635
298613
304843
299547
298876
302687
276010
278062
278107
278151
276709
278518
278480
275811
313685
275913
276117
275302
275691
275838
275363
275721
275073
275415
274952
274428
277779
274718
274428
276957
274507
274443
274812
274790
274881
277655
275084
274406
274458
274406
274462
274405
274376
274749
274763
274764
274394
274933
274296
274431
274333
274398
274311
274360
274485
274337
274274
274334
274341
274342
274451
274296
274375
275487
274401
276271
274455
275518
274338
274304
274304
274288
274292
274225
274379
274778
274334
274417
274469
274341
274380
274379
274296
274485
274315
274402
274326
274273
274251
275732
274730
274711
274361
275401
276094
276494
275453
277077
277413
277254
277251
328613
379059
386751
526959
273931
277300
783576
275359
274621
275442
275088
274744
275706
274971
275198
392653
276267
276015
276591
275698
276241
275939
275714
275954
275585
276038
275740
275691
554200
277503
510832
295568
300686
351038
278876
279652
277722
279901
277549
276298
301225
301051
299675
345626
274312
301522
300603
299352
299382
298480
298436
298941
298519
298545
298831
298835
298821
298895
298526
299288
298327
350705
300338
299179
308895
275216
276764
274571
280431
276079
303449
299438
298926
298567
306196
298817
298259
298180
305962
298798
298379
298579
298398
298681
298542
298567
298639
298624
298470
298372
298507
298421
298684
298572
298575
332838
275355
275152
274609
274640
274496
274685
274693
274512
274662
295662
312139
299487
298734
298296
298183
297919
297904
298138
298033
298063
298116
298040
298021
298127
298130
298171
298093
298191
298142
298673
297923
298006
297938
306621
274590
293676
299819
298620
298300
298357
298056
298025
297961
326453
341122
384127
407001
377216
453746
274685
277345
285727
314815
275517
275928
276060
275634
275072
287766
275642
275819
275929
274854
275699
275627
275536
276350
275431
275838
437770
276471
276588
276196
275649
458936
354150
286775
313771
303384
299084
298858
298459
298572
300440
298801
298443
306863
276105
277485
278185
277896
276381
283545
286285
276648
287072
329035
299909
299438
306403
348776
276350
281367
276803
277296
284540
275397
274824
274862
274888
274515
281593
274455
298326
300550
299607
277711
275472
279000
274507
274647
274639
274549
274451
274485
274462
274413
274481
274503
274454
274416
274511
274507
274466
274269
274455
274341
274409
274341
276705
274330
274496
274421
274523
274564
274816
274858
274232
274311
276904
274323
274345
274364
274334
274305
274337
274454
274568
274778
274741
274549
274402
274326
274341
274352
275785
274387
274394
274383
274390
274243
275106
274221
274326
274398
274326
275400
274424
274398
275845
276342
276893
274323
274384
274371
295809
274691
274398
274394
276761
275939
275521
274843
276026
275185
298711
276542
275747
275871
376557
538066
276961
466258
300532
299272
304839
299167
298899
298696
298511
298598
351976
299793
298989
298696
325590
275510
297067
305453
299773
299167
300282
275291
277330
277677
277579
276087
280206
278691
276056
313432
276033
275917
275332
275683
275291
276004
275936
275766
275562
274594
274432
274334
274432
274406
274454
274500
274398
274338
279037
274560
274549
277221
274352
274383
274183
274372
274421
274266
274368
274353
274281
274311
274274
274289
274285
