23642
24248
24203
24305
24411
24214
24294
24385
24305
24622
24377
24076
24535
24369
24645
24230
24479
24407
24528
24689
24467
24618
24516
24558
24719
24441
24475
24565
24512
24606
24577
24524
24735
24385
24441
24614
24626
24807
24331
24644
25006
24343
24588
24678
24584
24735
24787
24298
24746
24795
24384
24600
24841
24351
24704
24807
24437
24727
24679
24595
24644
24686
24739
24418
24493
24754
24550
24644
24663
24460
24581
24554
24437
24694
24490
24543
24716
24422
24423
24848
24497
24558
24686
24528
24791
24644
24693
24625
24517
24690
24882
24422
24791
24720
24841
24649
24634
24644
24508
24675
24659
24498
24667
24490
24464
24554
24422
24626
24693
24493
24279
24618
24479
27252
44062
31474
49892
43365
43647
49059
48930
30878
43123
24856
24494
24626
24539
24324
24490
24558
24445
24482
24671
24470
24550
24675
24607
24497
24637
24670
24720
24448
24675
24792
24328
24694
24817
24520
24493
24509
24791
24445
24667
24743
24396
24581
24505
24358
24535
25643
24399
24596
24400
24423
24694
24377
24678
24584
24498
24690
24497
24716
24686
24380
24690
24754
24437
24626
24663
24704
24523
24603
24712
24546
24585
24546
24313
24584
24433
24554
24675
24290
24400
24712
24301
24441
24550
24320
24573
24690
24524
24712
24471
24585
24742
24377
24679
24701
24381
24610
24683
24863
24532
24599
24611
24362
24674
24573
24355
24516
24407
24565
24852
24483
24278
24660
24366
24403
24603
24497
24550
24712
24456
24539
24493
24569
24644
24370
24795
24795
24366
24690
24791
24452
24732
24708
24656
24686
24693
24648
24527
24396
24799
24456
24625
24886
24467
24663
24660
24381
24859
24482
24516
24712
24452
24418
24667
24600
24524
24834
24440
24573
24731
24373
24689
24547
24588
24709
24418
24724
24739
24245
24636
24739
24905
24418
24585
24772
24505
24727
24607
24539
24532
24633
24290
24694
24415
24471
24806
24365
24573
24607
24452
24389
24693
24528
24396
24663
24483
24697
24603
24422
24667
24430
24795
24814
24430
24682
24712
24471
24595
24811
24343
24667
24817
24746
24543
24539
24727
24392
24651
24878
24509
24501
24570
24396
24585
24580
24316
24554
24555
24505
24712
24351
24558
24795
24490
24558
24743
24679
24460
24753
24832
24543
24592
24878
24369
24648
24683
24502
24599
24573
24434
24558
24464
24493
24637
24584
24490
24856
24445
24381
24766
24429
24392
24694
24539
24566
24641
24467
24784
24554
24656
24750
24584
24603
24788
24339
24731
24796
24520
24520
24464
24502
24362
24354
24557
24441
24456
24637
24415
24487
24704
24449
24395
24588
24396
24596
24505
24478
24558
24573
24441
24377
24531
24452
24276
24547
24320
24467
24607
24550
24561
24520
24388
24693
24626
24505
24705
24509
24558
24735
24489
24422
24607
24557
24460
24833
24377
24671
24757
24396
24588
24758
24399
24588
24678
24150
24795
24705
24497
24825
24743
24365
24625
25100
25025
35676
24991
39603
48878
56257
32608
26288
24592
24697
24528
24452
24437
24456
24508
24656
24521
24558
24674
24399
24501
24539
24513
24400
24543
24494
32646
45573
31334
30882
49594
49127
43206
43666
48943
31067
48957
49108
48569
43190
43421
49002
30938
48972
42125
24644
24787
24524
24802
24799
24516
24746
24841
24670
24690
24667
24690
24637
24671
24437
24633
24709
24471
24629
24701
24377
24543
24751
24490
24415
24600
24437
24633
24482
24340
24565
24588
24358
24558
24422
24369
25583
24407
24403
24694
24468
24317
24588
24369
24460
24704
24437
24561
24618
24550
24520
24765
24437
24565
24765
24659
24557
24716
24550
24626
24746
24482
24855
24607
24723
24606
24524
24497
24618
24614
24437
24690
24493
24746
24720
24418
24553
24584
24479
24557
24622
24467
24663
24836
24332
24607
24852
24395
24796
24648
24463
24565
24833
24419
24531
24784
24286
24626
24644
24305
24493
24938
24445
24584
24765
24720
24573
24686
24731
24566
24653
24765
24388
24625
24690
24697
24681
24761
24434
24701
24664
24430
24720
24592
24581
24652
24837
24399
24566
24719
24562
24573
24595
24415
24547
24577
24291
24558
24622
24486
24373
24558
24434
24595
24483
24313
24449
24419
24524
24709
24502
24328
24543
24494
24479
24400
24475
24380
24720
24411
24539
24656
24331
24505
24585
24347
24557
24716
24366
24441
24621
24622
24573
24630
24388
24535
24520
24584
24441
24584
24531
24237
24569
24490
24433
23755
24573
24543
24366
24641
24713
24713
24697
24735
24331
24678
24453
24663
24791
24467
24569
24637
24433
24656
24697
24716
24460
24806
24539
24399
24697
24399
24554
24637
24562
24562
24629
24558
24641
24516
24573
24806
24539
24490
24701
24791
24373
24626
24596
24490
24585
24456
24497
24550
24622
24471
24546
24482
24663
24720
24486
24626
24573
24599
24912
24520
24626
24686
24701
24377
24611
24520
24479
24618
24418
24403
24750
24283
24350
24754
24388
24731
24689
24803
24841
24539
24592
24762
24321
24693
24689
24751
24453
24539
24584
24483
24664
24463
24388
24780
24425
24448
24682
24471
24746
24803
24565
24946
24377
24611
24803
24426
24653
24735
24648
24434
24678
24705
24464
24562
24403
24844
24690
24415
24791
24855
24520
24614
24735
24508
24727
24671
24690
24460
24735
24637
24509
24573
24404
24438
24765
24373
24336
24701
24490
24463
24731
24603
24547
24482
24636
24641
24449
24690
24962
24396
24754
24776
24719
24395
24649
24878
24497
24554
24558
24474
24750
24373
24479
24682
24358
98965
30833
44631
49357
49315
30998
49017
42297
24686
24566
24414
24712
24460
24674
24799
24459
24637
24562
24599
24704
24546
24773
24682
24486
24656
24685
24502
24508
24607
24802
24524
24603
24670
24543
24606
24535
24343
24738
24441
24400
24516
24576
24671
24641
25659
24562
24769
24483
24636
24697
24456
24640
24705
24611
24791
24674
24600
24912
24411
24660
24709
24660
24550
24807
24848
24539
24660
24645
24588
24625
24724
24362
24633
24641
24475
24596
24475
24663
24685
24505
24441
24776
24569
24517
24848
24520
24682
24799
24411
27023
24520
24437
24445
24573
24442
24634
24652
24407
24358
24674
24351
24464
24784
24535
24762
24679
24558
24788
24532
24622
24773
24411
24810
24637
24347
24871
24588
24675
24429
24697
24671
24381
24614
24765
24464
24513
24542
24467
24497
24449
24196
24618
24426
24528
24689
24316
24422
24588
24494
24419
24615
24539
24531
24765
24501
24652
24527
