21649
8547
7979
7591
7583
7658
7553
7556
7545
7560
11092
4289
4300
4304
4300
4285
4293
4277
4274
4285
4289
4285
4286
4278
4292
4278
4274
4282
4278
4282
4289
4285
4285
4285
4285
4293
4289
4281
4281
4278
4281
4274
4304
4274
4274
4274
4273
4274
4274
4278
4300
4266
4273
4263
4274
4262
4273
4282
4274
4282
4281
4281
4282
4282
4285
4289
4282
4281
4278
4289
4281
4281
4297
4274
4282
4278
4308
4277
4273
4278
4282
4274
4289
4274
4288
4285
4274
4274
4281
4281
4274
4277
4278
4296
10308
13028
4718
4436
4361
4353
4349
4364
4428
4368
4353
4410
4406
4375
4345
4383
4413
4360
4387
4376
4326
4335
4375
4349
4409
4364
4345
4342
4353
4421
4402
4459
4379
4353
4353
4349
4368
4402
4368
4357
4349
4364
4391
4420
4428
4383
4405
4360
4364
4372
4350
4334
4335
4345
4372
4323
4356
4323
4357
4372
4360
4338
4376
4320
4353
4312
4349
4334
4297
4323
72204
5544
4500
4357
4346
4361
4365
4308
4311
4447
4338
4334
4319
4320
4316
4322
4338
4315
4413
4349
4315
4327
4312
4327
4334
4308
4293
4349
4349
4320
4289
4304
4316
4334
4334
4315
4342
36739
4929
4636
5058
4545
4371
4357
4372
4330
4440
4420
4365
4335
4338
4372
4361
4372
4387
4369
4334
4353
4492
5593
5578
4541
4395
4368
4330
4326
4324
4379
4323
4331
4421
27513
10948
4794
4417
4376
4424
4350
4353
4353
4459
5574
4688
10610
4963
4474
4398
4387
4379
4413
25648
4749
5548
4496
4364
4365
4387
24739
4772
10606
4605
4395
4341
4357
24758
4930
10575
4745
4433
4308
4395
24332
4632
101766
4625
99125
5536
4696
4447
4512
4462
4432
4451
4398
4360
4534
4369
4376
4417
4353
4387
4376
4451
4448
4428
4429
4391
4308
4326
4331
4311
4334
4443
4402
4421
4395
4376
4398
4357
4432
4428
4413
4398
4296
4323
4319
4323
4327
4327
4311
4357
4443
4440
4380
4413
4368
4402
4368
4402
4417
4387
4410
4334
4330
4296
4327
4315
4315
4307
4296
4410
4323
4462
4387
4364
4409
4406
4376
4417
4488
4444
4398
4429
4338
4308
4308
4308
4304
4308
4337
4319
4339
4330
4519
4421
4387
4462
4345
4383
4409
4552
4463
4383
4432
4330
4331
4327
4300
4297
4341
4307
4304
4339
4319
4410
4425
4376
4447
4335
4383
4349
4444
4417
4420
4410
4327
4319
4346
4372
4334
4334
4300
4293
4316
4331
4308
4534
4458
4349
4409
4365
4375
4402
4537
4413
4466
4402
4391
4346
4297
4319
4350
4319
4300
4315
4312
4307
4391
4380
4421
4440
4417
4353
4383
4387
4454
4417
4391
4379
4327
4300
4311
4338
4308
4315
4320
4444
4316
4315
4350
4485
4391
4334
4428
4338
4357
4364
4522
4417
4417
4391
4331
4335
4342
4334
4311
4342
4323
4304
4296
4304
4327
4466
4349
4338
4420
4402
4394
4383
4485
4429
4383
4413
4375
4316
4308
4315
4311
4345
4315
4330
4312
4342
4323
4282
4271
4292
4300
4334
4337
4327
5487
4436
9422
5514
5525
5559
5487
10007
5510
4485
4365
4356
4342
4327
4470
4425
4440
4466
4346
4436
4425
4455
4526
4398
4349
4353
4353
4334
4349
4345
4349
4481
4428
4478
4436
4383
4379
4466
4466
4443
4394
4327
4300
4323
4326
4323
4323
4327
4458
4421
4405
4376
4458
4443
4458
4433
4428
4330
4330
4323
4326
4327
4323
4327
4353
4440
4458
4455
4360
4443
4459
4432
4402
4413
4319
4316
4319
4319
4316
4312
4312
4447
4459
4466
4454
4387
4409
4410
4418
4590
4432
4432
4428
8189
4549
4432
4379
4364
4364
4371
4371
4365
4368
4364
4394
4342
4436
4409
4350
4342
4353
4368
4365
4372
4357
4376
4360
4349
4342
4357
4360
4399
4361
4357
4368
4330
4334
4387
4376
4338
4364
4372
4345
4312
70628
4794
5630
4636
4429
4454
4319
4466
4451
4383
4425
4341
4376
4383
4349
4330
4334
4327
4308
4327
4315
4289
4304
4319
4330
4311
4312
4308
4315
4304
4384
4372
4353
4319
4285
4368
4326
4387
4448
4312
4406
4379
4398
4376
4424
4391
4413
4455
4383
4425
4390
4330
4319
4315
4289
4300
4368
4316
4300
4304
4364
4297
4315
4341
4357
4338
4341
4315
4300
4345
4338
4315
4368
4346
4387
4496
4281
4387
4346
4482
4406
4379
4375
4497
4455
4406
4383
4402
4335
4323
4331
4349
4364
4311
4372
4326
4334
4319
4320
4331
4312
4335
4312
4300
4300
4327
4319
4357
4421
4417
4364
4444
4406
4368
4447
4542
4462
4391
4376
4391
4315
4338
4312
4326
4327
4319
4356
4334
4375
4349
4312
4308
4326
4331
4327
4319
4326
4330
4330
4508
4357
4361
4424
4455
4372
4364
4450
7014
4504
4413
4371
4342
5604
4424
4357
4342
4349
4365
4368
4342
4376
4334
4391
4330
4365
4357
4376
4477
4327
4436
4458
4443
4414
4424
4443
4402
4440
4428
4405
4433
4384
4504
4368
4357
4402
4315
4349
4342
4372
4330
4345
4356
4350
4323
4342
4395
4421
4488
4410
4462
4413
4405
4379
4372
4522
4478
4425
4432
4414
4338
4368
4398
4342
4349
4357
4357
4335
4323
4335
4354
4413
4334
4323
4466
4387
4379
4410
4462
4406
4409
4489
4361
4429
4425
4530
4481
4417
4425
4349
4353
4330
4372
4361
4380
4345
4361
4349
4338
4353
4357
4354
4319
4315
6572
4523
4387
4323
4380
4338
4289
4372
4357
4376
4293
4421
4346
4330
4334
4335
4350
4338
4353
4312
4364
4367
4371
4312
4330
4342
4380
4462
4432
4387
4440
4376
4372
4353
4372
4379
4372
4315
4390
4368
4360
4387
4372
4376
4394
4357
4368
4353
4342
4349
4376
4364
4417
4350
4353
4342
4387
4395
4447
4334
4357
4406
4364
4364
4402
4391
4399
7093
4534
4368
4353
4357
4334
4345
4338
4331
4342
4361
4322
4300
4368
4387
4334
4319
4361
4357
4304
4334
4300
4338
4342
4315
4387
4296
4289
4285
4322
4345
4353
4361
4300
4387
4364
4312
4353
4492
