323318
333605
260134
258170
258158
258029
258057
258091
257856
256737
259737
256700
256692
256243
256673
256809
260552
256684
256353
256678
256813
256767
256794
256436
256793
256753
256835
256828
256816
256786
256707
256772
258826
256877
256825
256703
256421
258708
256906
256850
256651
256753
256813
256805
256835
256790
256836
256839
256820
256820
256911
256813
256978
256771
256764
256771
256813
256892
256820
259431
256714
256693
256738
256696
256877
256765
256816
256877
265839
256971
256695
256888
256786
256798
256752
256824
266977
258131
257838
257973
258143
258056
258215
257936
258011
257747
257826
258061
260951
257649
257887
257872
256696
256662
256782
256635
256741
256665
258305
256862
256606
256477
257401
256677
256741
256763
256669
256730
256817
256741
256624
256684
256753
256650
258573
256764
256771
256767
302649
337756
276147
283963
282979
283606
282681
282489
282618
282531
325748
330855
376564
358933
349877
478651
265779
257461
257751
258128
257815
257958
258294
257943
258689
257826
258011
257133
257947
256891
256813
256816
256816
256816
256816
256809
258230
258716
256217
256202
256198
256199
256203
256199
256198
256202
256202
256198
256198
256190
256198
256198
256198
256202
256202
256202
267656
421221
448345
427149
384335
384327
359664
336297
336275
336279
336279
336275
336271
337729
337104
337108
337100
336896
336878
336878
336870
336878
336900
336927
336890
336901
336863
346786
305638
354139
335988
323563
271217
276041
271022
271029
270889
270938
277051
257631
258640
258840
258810
258067
259161
258705
257853
258486
258791
257882
258500
258485
258249
258573
258113
258278
258384
256665
256666
256658
256662
256741
256805
256756
256688
256767
311126
285033
282645
282264
282557
282271
281823
281913
282067
281743
281936
281864
281981
281906
282384
282377
281932
281751
307255
259567
285128
282720
282200
282094
282697
281913
283247
281909
282795
282298
282015
282010
281970
281792
283285
282166
313043
259021
257872
258094
257913
257988
257882
257931
257842
257695
257721
257876
257899
257925
257962
257852
257879
257917
257691
257637
257729
257770
257815
257800
257849
257951
387346
258234
257947
258064
257936
257981
258403
257868
259360
257865
258267
258735
259273
260732
257913
258124
257841
257996
257887
257811
261241
256715
257977
258339
257887
258689
258893
258512
258716
258866
258874
259111
258825
258954
258897
258474
256933
257831
257227
257536
257536
257540
257860
257661
257797
257646
257699
257755
257842
257736
257465
261098
257600
257800
413999
257703
257989
257811
257973
257996
257917
257860
257668
257567
257702
257513
257415
494935
343179
311491
282670
282241
282097
282271
282195
282151
282456
282426
282271
282015
282192
282241
281925
282072
282105
282053
284396
282120
282244
282347
282328
288294
289975
283948
282456
282837
257649
258664
259085
259190
257691
259201
258897
257853
293612
282965
282264
285637
258347
258607
258339
259578
258229
257954
258075
257789
257873
257800
257781
257819
257540
256429
256628
256541
256613
256587
256684
257189
256673
298092
284438
282772
282482
282192
282403
282396
282520
310771
282803
282614
282415
282357
282425
282581
282723
282562
282505
282501
282678
291049
258176
257729
258151
258674
257992
258041
258045
257880
257906
257856
257865
257943
257608
257852
256673
256703
256748
322715
258286
258169
258041
258101
258042
258022
257932
257766
257913
257827
257830
257864
257774
256764
256666
256737
256722
256676
256673
256643
256651
256696
256956
257231
257009
258000
258015
257940
256548
258181
257902
257792
257944
258022
257932
257921
255969
259654
323521
398634
496164
480445
471941
480561
309825
257789
257623
257816
257803
257804
257830
257649
257710
257612
257675
257679
257710
257706
257525
257517
257581
257415
257321
491390
375402
257698
258210
258083
258169
259764
258165
258520
258041
257800
260744
257804
257966
257808
256782
256722
256730
256699
256311
256734
256726
256635
256628
256651
256624
256308
256624
256300
256718
256677
256662
256778
256714
256703
256685
256639
256582
256632
256903
256692
256703
256745
256703
256778
256760
256658
257156
256594
259025
510079
259854
259519
258128
284713
282923
282637
282866
282630
282505
282992
282500
282618
282659
282106
282289
282381
282170
282935
282516
282079
282259
281954
282290
282505
282101
282354
282237
282218
282075
282253
282218
282087
284032
284004
283017
283598
282234
282098
282298
282211
282317
281819
282287
289884
257827
295123
283688
282787
282720
282520
282792
282422
282731
282403
282629
282686
282452
282347
282471
282396
282611
282362
282501
282207
282422
282275
282331
282421
317280
258139
257703
260631
262440
313578
351229
359778
359725
497917
291287
257517
259685
265850
258079
257901
257774
258174
257864
257845
258003
257822
257812
258060
257894
257852
257702
257657
257751
257826
257868
257812
257525
257732
257668
257721
257774
257724
257683
496944
422627
327362
366411
258173
257453
261539
258112
257995
259243
259217
257581
258994
258939
258026
258697
259239
258926
257630
258034
258640
258667
258392
258158
258373
257981
258343
258287
258154
258264
257834
257906
257879
257789
256688
256760
256741
256922
256768
256625
258282
271949
258723
257860
258022
258030
258071
258117
257792
258052
258000
257898
257970
257785
257849
257811
256628
256635
256836
256684
256636
256696
256541
256684
256737
256711
256594
256654
256809
256658
256402
256692
256738
256748
256643
256654
258358
256688
256802
259383
256609
256662
256677
256699
256636
256718
256669
256756
256258
256613
256748
256673
256749
256594
256312
256771
256651
256356
256557
256655
256816
256711
256563
256597
256658
256681
256651
256605
256729
256598
256639
256711
256636
256587
256677
257004
256756
256756
280330
283737
282678
282459
282460
282245
292364
282542
282463
282332
282384
282143
325383
330682
352296
352051
351448
351373
290792
257302
267173
257988
257845
257913
257774
257875
258090
257996
391462
257856
257804
257921
257804
257992
258045
262198
257931
257925
257739
257807
257480
257461
481654
353706
277096
283420
282719
282535
282286
284337
282441
282343
282358
282456
282392
283311
282418
283213
282135
281887
282195
257898
258396
258919
259097
257762
259138
258927
258897
257570
257955
257608
351026
309678
310047
258577
258267
258554
258263
262066
257683
258045
258256
257838
256745
256651
256695
256650
256661
256737
256768
259715
257234
257020
256748
256564
256586
256764
256753
256699
256729
256816
256692
256666
256816
256790
256681
256726
256832
256673
256692
256379
256591
331459
283628
282859
290626
303912
281984
257989
258098
258094
259022
258086
258068
257895
257891
257849
257932
257838
257597
257605
257804
257842
256677
256548
256322
256647
256564
256677
256790
256575
256782
256677
256605
256692
256685
256714
256624
256726
256722
315301
258211
258128
258131
258098
258019
257913
257898
257789
257951
257932
257751
256545
256700
256564
256722
256726
256628
256605
256631
259424
257125
257740
257958
257792
257725
257849
257947
257815
257740
257823
257909
257363
255776
256756
260743
256635
256560
324181
