517
1135
551
528
532
528
520
512
535
520
528
520
513
520
531
527
528
535
520
524
524
516
528
528
524
528
539
546
521
516
524
543
520
524
520
532
521
528
528
535
520
524
528
532
524
527
528
524
532
516
527
539
535
524
524
536
524
531
524
524
516
528
554
520
1202
573
554
565
540
588
1210
562
524
535
509
524
513
517
513
520
517
509
505
516
513
524
502
509
512
501
513
505
505
505
528
524
517
527
532
512
521
512
505
528
517
524
509
513
505
573
509
513
512
513
502
513
551
539
516
508
517
516
517
509
505
513
520
509
520
509
508
516
520
520
520
512
565
516
516
513
509
512
512
520
520
528
516
501
527
535
513
524
516
509
524
501
521
508
531
520
524
1112
607
1428
581
543
524
524
539
528
535
528
523
509
505
508
528
512
509
505
539
528
513
513
524
524
512
505
513
520
520
509
502
505
509
516
509
505
501
513
517
513
502
508
520
509
513
505
520
513
508
505
501
509
509
509
508
520
513
505
505
516
509
505
509
512
520
516
509
520
513
509
513
520
505
513
513
509
509
524
520
509
505
508
516
520
524
505
509
516
520
505
513
517
1349
1139
565
539
542
547
546
550
591
531
532
546
520
520
558
531
516
521
517
520
516
561
501
505
501
502
508
502
501
501
501
497
502
505
501
509
501
512
505
505
505
501
509
509
509
502
505
505
505
505
505
505
505
509
502
513
505
509
501
508
505
512
505
508
505
505
509
509
505
509
509
505
501
501
505
562
547
509
501
501
513
505
505
505
505
505
502
502
502
501
502
505
505
501
501
501
505
501
502
1199
535
532
520
528
527
535
535
531
524
531
524
524
527
524
532
521
528
528
531
531
517
524
505
516
512
520
513
517
505
516
516
531
520
505
509
505
528
501
524
512
520
520
505
527
512
520
516
509
505
508
532
539
606
1198
599
562
536
542
528
517
516
536
516
505
505
505
501
505
501
501
501
520
536
505
505
505
509
501
513
505
505
509
505
509
509
516
505
505
501
508
509
505
505
509
509
509
501
505
565
509
509
505
505
505
505
505
509
501
505
508
509
505
505
501
505
509
505
509
505
508
502
509
509
509
509
502
502
505
505
501
501
501
508
505
502
501
505
502
501
497
505
501
505
501
501
509
505
505
502
501
1150
547
543
562
528
520
524
520
516
517
531
520
524
520
524
520
520
535
516
509
531
512
535
520
531
521
520
527
516
516
524
516
512
523
517
527
516
516
517
516
520
531
516
535
520
521
528
520
516
524
516
535
513
527
524
517
528
528
512
523
520
512
524
520
532
516
520
528
524
517
516
513
524
523
520
523
520
516
516
516
532
527
520
520
513
528
516
516
520
512
531
520
516
1130
524
513
509
512
505
509
502
505
505
501
505
501
498
505
501
501
505
501
505
501
505
505
505
505
505
505
505
502
509
505
501
502
505
501
501
506
505
509
502
505
505
505
508
501
505
502
505
509
505
516
517
520
505
502
502
505
505
501
498
501
501
501
501
512
505
505
505
505
501
501
501
501
505
505
505
505
554
501
501
502
505
505
501
505
505
505
505
502
502
501
502
502
1176
535
558
517
513
505
509
505
505
501
505
505
509
505
509
502
505
501
505
502
497
565
516
505
505
501
505
505
505
509
501
505
501
505
505
501
502
505
501
501
501
501
505
501
501
502
509
505
554
501
501
501
497
501
505
501
502
501
505
501
502
505
501
505
501
501
505
505
502
501
505
509
501
501
505
501
501
505
502
506
505
505
505
508
502
501
501
501
502
501
505
505
501
1173
535
543
517
517
516
520
532
524
520
531
524
520
516
520
532
517
513
516
535
513
505
505
517
509
506
509
512
509
509
505
512
517
501
505
505
512
512
502
501
509
516
509
505
509
532
505
501
502
520
521
506
520
524
509
498
509
517
516
508
502
513
509
509
505
520
520
505
509
509
520
509
505
509
517
505
505
501
513
531
505
505
505
509
513
505
520
520
505
501
509
512
509
1142
517
516
516
513
509
509
505
508
502
502
505
501
501
505
502
505
501
505
505
501
516
520
502
505
501
505
501
505
501
505
497
505
505
505
506
501
505
505
505
505
505
505
505
502
505
505
501
501
505
505
505
501
505
505
505
505
505
505
509
505
502
501
502
502
505
502
505
505
498
505
501
502
502
501
505
501
505
539
505
502
502
501
505
505
509
505
505
505
505
501
505
501
1180
528
542
527
512
516
524
524
520
521
520
516
520
516
520
516
516
516
521
520
520
516
517
516
520
516
520
516
547
543
