30622
31579
30998
43361
32307
32028
75305
52598
57984
57901
57132
51950
57042
57283
57362
57174
57490
57181
57042
57150
33449
31609
31534
31805
31583
31590
31722
31526
31485
31425
31470
31640
32853
31749
31669
31756
30811
31089
30893
30886
32853
30957
30882
30592
30645
30600
30728
30716
30674
32630
30761
31443
31587
31282
30950
31244
30995
31097
31100
31628
31376
31213
31500
31572
31552
31674
31478
31424
31421
31617
31700
31538
31647
31372
31590
31579
31519
31395
31616
31598
31515
31665
31545
31576
31346
31361
31326
31315
31395
31629
31624
31575
31561
31447
31409
31439
31473
31527
30935
30905
30968
31413
31610
31470
31560
31515
31470
31621
31598
31417
31477
31406
31409
31466
31470
31496
31647
31579
31500
31496
31542
31383
31399
31447
31575
31534
31598
31617
31526
31462
31447
31477
31458
31451
31658
31560
31624
31764
31391
31447
31583
31485
31451
31523
31443
31568
31651
31470
31489
31571
31417
31399
31530
31462
31575
31662
31564
31575
31440
31406
31481
31406
31489
31609
31658
31413
31534
31496
31500
31462
31432
31443
31545
31628
31398
31545
31447
31353
31432
31583
31628
31278
31368
31575
31617
31251
31432
31519
31560
31677
31522
31688
31485
31666
31601
31387
31323
31470
31564
31628
31617
31447
31624
31466
31454
31387
31542
31545
31681
31523
31323
31572
31451
31398
31398
31466
31654
31658
31568
31399
31477
31519
31339
31384
31546
31560
31602
31620
31387
31507
31481
31346
31466
31485
31696
31760
31654
31387
31507
31345
31429
31500
31553
31582
31674
31767
31433
31590
31563
31413
31406
31523
31493
31591
31654
31402
31462
31425
31647
31575
31636
31673
31760
31541
31432
31470
31485
31493
31583
31602
31662
31670
31707
31360
31406
31470
31342
31364
31508
31515
31613
31580
31466
31507
31364
31474
31571
31662
31601
31708
31738
31541
31564
31466
31447
31485
31511
31481
31601
31503
31481
31462
31395
31413
31541
31591
31726
31681
31752
31602
31425
31409
31488
31643
31677
31617
31470
31557
31560
31533
31454
31613
31522
31586
31613
31319
31492
31402
31372
31425
31466
31425
31620
31643
31349
31493
31489
31399
52168
45279
31903
32032
31850
58952
57531
50385
31790
31621
31553
31553
31564
31714
31654
31440
31504
31424
31504
31511
31470
31518
30945
30863
30897
30859
30882
30851
30942
30792
30807
30863
30916
30826
30852
30837
30913
33136
31673
31556
31149
31150
31508
31564
31545
31458
31327
31511
31526
31840
31693
31756
31748
31636
31594
31526
31651
31654
31643
31673
31700
31718
31647
31590
31496
31541
31595
31692
31727
31703
31726
31708
31643
31636
31805
31647
31715
31749
31771
31767
31654
31711
31564
31684
31534
31640
31568
31688
31545
31485
31448
31455
31549
31557
31688
31700
31406
31406
31663
31481
31493
31595
31519
31640
31635
31337
31545
31523
31511
31523
31666
31628
31613
31689
31409
31511
31481
31485
31530
31745
31689
31722
31580
31552
31541
31297
31421
31500
31688
31685
31504
31463
31492
31568
31387
31541
31594
31820
31693
31451
31444
31462
31481
31469
31557
31575
31591
31602
31463
31508
31485
31398
31485
31533
31533
31692
31692
31523
31417
31436
31572
31553
31576
31654
31398
31508
31417
31383
31428
31353
31470
31522
31455
31737
31553
31477
31470
31518
31609
31587
31658
31744
31515
31349
31443
31568
31666
31681
31583
31669
31703
31452
31481
31489
31541
31478
31579
31651
31338
31496
31485
31496
31319
31481
31621
31681
31583
31304
31458
31341
31345
31575
31594
31609
31620
31624
31541
31478
31466
31602
31542
31752
31696
31440
31519
31613
31462
31620
31606
31655
31447
31541
31474
31406
31338
31500
31572
31508
31568
31372
31534
31571
31511
31361
31590
31586
31534
31631
31478
31387
31496
31485
31620
31636
31519
31282
31575
31511
31542
31391
31504
31601
31553
31610
31376
31406
31481
31387
31435
31473
31342
31568
31478
31583
31545
31473
31670
31507
31620
31658
31579
31503
31741
31677
31775
31662
31507
31485
31530
31568
31651
31546
31763
31545
31353
31402
31334
33949
40067
106670
32676
32235
32359
32461
32503
32529
32469
32461
32513
32469
32337
32182
31526
31526
31594
31673
31692
31684
31749
31560
31474
31594
31598
31625
31802
31832
31511
31594
31677
31794
31703
31738
31692
31753
31715
31379
31425
31478
31594
31582
31658
31617
31304
31526
31493
31500
31507
31605
31715
31541
31508
31466
31485
31413
31602
31597
31632
31575
31485
31519
31395
31685
31572
31738
31595
31338
31455
31485
31576
31485
31591
31579
31429
31380
31432
31447
31507
31568
31696
31704
31700
31620
31538
31485
31610
31700
31719
31738
31372
31515
31402
31542
31564
31666
31587
31311
31564
31508
31507
31504
31617
31606
31696
31605
31417
31463
31492
31640
31586
31658
31673
31210
31493
31534
31542
31669
31737
31606
33290
34960
32193
31462
31447
31673
31726
31463
31447
31459
31436
31519
31473
31492
31470
30640
30716
30757
30644
30648
30724
30671
30803
30690
30675
30648
30664
30663
30641
30644
30641
30641
30697
30705
31383
31450
31594
31041
31123
31195
31522
31469
31345
31508
31440
31549
31567
31711
31726
31481
31534
31646
31571
31624
31538
31711
33863
31794
31296
31677
31500
31620
31568
31696
31689
31715
31677
31417
31640
31745
31527
31579
31644
31636
31722
31700
31654
31662
31582
31643
31409
31598
31696
31647
31666
31711
31753
31782
31594
31508
31469
31462
31587
31665
31650
31764
31601
31568
31541
31504
31474
31609
31648
31598
31715
31500
31564
31639
31387
31406
31602
31635
31632
31613
31745
31568
31432
31338
31368
31572
31594
31557
31715
31534
31594
31508
31443
31364
31523
31496
31647
31711
31643
31606
31553
31500
31417
31564
31470
31545
31692
31659
31654
31463
31474
31549
31549
31470
31527
31741
31662
31730
31639
31624
31639
31586
31546
31640
31658
31771
31639
31432
31553
31571
31550
31409
31598
31542
31602
31582
31579
31575
31481
31477
85139
58191
57230
38936
57155
57249
38812
57170
38683
56811
56819
38751
101084
38506
57049
63931
32770
31704
31662
31846
31729
32073
42867
48268
107397
34504
56861
31764
32208
47774
42806
42030
49918
41529
47197
41442
41717
50231
41348
50077
41751
41917
49972
38394
50020
41329
41578
69716
49952
50043
38367
41913
41268
41596
50317
38401
47223
41449
50284
41517
50171
41748
41966
50185
41495
41149
31659
31613
31586
