9121
10063
9765
9596
9528
9486
9550
9716
9566
9622
9592
9532
9554
9565
9693
9716
9581
9637
9539
9494
9569
9652
9618
9520
9701
9637
9618
9686
9761
9803
9678
9659
9678
9735
9746
9550
9543
9788
9603
9622
9724
9674
9791
9991
9799
9655
9558
9765
9532
9603
9660
9795
9709
9743
9698
9905
9754
9698
9871
9678
9644
9769
9667
9769
9675
9694
9836
9788
9848
9569
9772
9712
9852
9727
9859
9844
9848
9655
17443
9340
9411
9257
9437
9400
9339
9129
9335
9418
9234
9286
9282
9441
9298
9229
9129
9230
9347
9317
9305
9520
9355
9248
9125
9226
9298
9279
9223
9467
9317
9226
9139
9180
9286
9343
9309
9377
9347
9305
9158
9316
9324
9309
9320
9385
9362
9294
9159
9083
9426
9256
9226
9245
9426
9279
9136
9068
9294
9279
9275
9267
9456
9362
9207
9181
9230
9369
9215
9230
9234
9501
9154
9260
9214
9109
9091
9399
9297
9256
9203
9391
9320
9154
9143
9169
9309
9313
9211
9433
9343
9226
9083
9075
9332
9271
9223
9309
9415
9264
9208
9102
9275
9282
9354
9181
9429
9290
9219
9139
9256
9227
9395
9211
9369
9384
9320
9174
9388
9275
9297
9298
9207
9445
9331
9275
9102
9188
9381
9298
9200
9279
9396
9290
9110
9105
9193
9196
9415
9226
9437
9381
9260
9117
9185
9237
9272
9263
9472
9475
9203
9110
9125
9373
9271
9163
9237
9339
9294
9166
9079
9350
9196
9298
9268
9433
9291
9234
9143
9264
9034
9004
9053
9218
9372
9207
9249
9238
9396
9271
9271
9091
9196
9154
9392
9313
9283
9222
9422
9321
9129
9132
9117
9384
9294
9184
9188
9305
9339
9189
9154
9381
9249
9064
8925
8944
8943
8928
8936
9008
9287
9207
9229
9411
9313
9218
9080
9144
9094
9128
9347
9286
9271
9290
9452
9290
9294
9268
9113
9109
9350
9233
9237
9332
9550
9365
9155
9057
9087
9370
9301
9208
9222
9340
9287
9150
9140
9148
9260
9351
9230
9377
9389
9324
9155
9098
9365
9252
9249
9294
9452
9286
9173
9120
9132
9260
9305
9219
9388
9404
9263
9140
9237
9222
9222
9317
9290
9369
9452
9354
9143
9083
9365
9343
9384
9441
9441
9298
9177
9049
9098
9460
9275
9185
9196
9452
9290
9102
9110
9350
9237
9208
9328
9437
9223
9174
9124
9140
9302
9301
9215
9211
9373
9242
9079
9170
9365
9316
9260
9309
9437
9312
9158
9110
9109
9366
9267
9196
9332
9317
9316
9109
9132
9366
9241
9286
9275
9478
9294
9222
9136
9211
9332
9302
9185
9384
9350
9324
9132
9113
9102
9263
9223
9351
9294
9442
9425
9294
9120
9083
9350
9328
9200
9158
9347
9245
9117
9094
9429
9275
9263
9316
9415
9268
9196
9120
9389
9282
9211
9227
9373
9260
9128
9143
9207
9339
9215
9399
9290
9302
9132
9426
9347
9362
9283
9433
9301
9218
9068
9486
9272
9256
9301
9438
9358
9189
9105
9339
9000
9057
9222
9173
9282
9227
9068
9227
9140
9403
9306
9192
9215
8989
9068
8993
9041
9050
9166
9321
9177
9079
9317
9227
9260
9177
9433
9294
9226
9121
9101
9116
9046
9302
9207
9237
9287
9434
9392
9245
9136
9155
8963
9063
9200
9335
9320
9196
9291
9286
9456
9339
9248
9147
9114
9276
9241
9366
9290
9365
9354
9309
9083
9128
9282
9264
9230
9369
9324
9230
9094
9124
9264
9376
9245
9358
9335
9324
9098
9121
9234
9264
9256
9350
9369
9370
9083
9146
9283
9332
9203
9475
9335
9306
9098
9166
9298
9361
9279
9422
9425
9294
9147
9226
9207
9396
9264
9440
9302
9249
9079
9306
9218
9302
9155
9427
9317
9196
9060
9384
9230
9268
9241
9407
9302
9173
9102
9328
9181
9267
9340
9460
9282
9196
9117
9391
9200
9275
9279
9505
9291
9139
9128
9358
9218
9253
9219
9350
9286
9173
9064
9392
9245
9287
9279
9494
9294
9200
9049
9347
9204
9241
9271
9490
9226
9245
9102
9355
9215
9208
9211
9422
9226
9196
9102
9366
9196
9324
9260
9524
9268
9177
9109
9430
9214
9267
9174
9498
9313
9196
9116
9339
9185
9392
9343
9449
9309
9185
9072
9339
9291
9355
9350
9377
9257
9155
9064
9376
9207
9283
9302
9464
9256
9245
9106
9377
9222
9286
9339
9569
9324
9196
9095
9377
9207
9362
9226
9501
9298
9151
9056
9377
9249
9339
9222
9411
9369
9290
9080
9369
9331
9302
9214
9399
9317
9237
9105
9320
9237
9305
9264
9467
9340
9166
9091
9230
9215
9320
9162
9486
9328
9211
9079
9222
9282
9343
9230
9347
9354
9207
9072
9169
9286
9343
9256
9359
9384
9343
9086
9158
9241
9325
9256
9370
9339
9286
9034
9140
9419
9411
9275
11325
17427
10025
30253
16519
9924
10447
10987
28127
10413
10963
28580
10267
10345
28764
16278
10184
28677
16523
10119
28620
16334
9950
28835
16432
9976
28861
16357
9950
28677
16273
9969
28869
16470
9897
28752
16304
9991
28643
16429
9871
28635
16266
10022
28892
16379
9979
28647
16304
9942
28583
16375
9934
28654
16432
9973
28704
16319
10029
28828
16236
10085
28617
16316
10120
28727
16395
10033
28711
16339
10044
28681
16263
10010
28511
16545
10051
28703
16319
10025
28602
16444
9957
28707
16432
10082
28624
16402
9950
28617
16455
9950
28760
16410
9979
28624
16402
9961
28639
16406
9972
28609
16316
9938
28579
16417
9984
11114
9555
9226
9241
9302
9373
9230
9095
9444
9140
9076
9072
9090
9238
9222
9143
9177
9196
9143
9117
9181
9079
9238
9143
10067
9415
11009
17860
10119
10018
9339
9184
21709
9987
9377
9520
9374
9294
9110
9091
9343
9290
9219
9226
9490
9275
9116
9075
9340
9180
9302
9185
9479
9377
9241
9117
9057
9328
9241
9226
9313
9498
9286
9173
9113
9105
9305
9286
9230
9260
9373
9320
9132
9038
9419
9234
9411
9286
9486
9249
9170
9091
9162
9429
9267
9215
9234
9404
9264
9132
9125
9407
9264
9407
9339
9396
9312
9177
9060
9143
9305
9257
9313
9264
9445
9271
9173
9090
9132
9358
9294
9219
9335
