516
584
513
516
513
516
524
539
535
531
516
517
520
516
517
558
520
509
505
501
502
505
521
508
521
509
513
512
509
516
520
512
513
520
520
517
520
509
516
505
527
516
513
513
516
505
508
505
513
505
520
509
517
516
535
1198
554
546
528
520
528
528
536
528
524
535
520
528
524
531
524
558
524
523
520
531
524
528
543
524
538
542
539
512
516
516
508
509
524
531
516
516
523
505
502
513
517
501
517
512
516
536
539
531
528
539
527
531
527
532
543
520
517
527
520
524
543
517
532
535
532
520
520
505
528
524
516
546
513
535
516
512
513
509
512
1202
1199
554
546
543
524
513
531
550
509
524
535
513
516
516
524
531
512
520
535
517
524
509
508
505
509
528
501
520
505
509
509
509
509
505
505
538
505
535
531
505
512
524
524
520
505
517
516
539
531
524
524
509
509
520
528
509
527
501
505
508
505
501
501
505
508
524
527
543
502
531
546
512
513
509
516
509
516
509
505
505
501
513
520
520
516
509
508
509
509
509
516
520
1161
1169
543
524
535
531
535
546
535
531
551
524
531
527
538
520
527
523
535
535
547
535
543
535
531
535
524
524
521
524
528
527
531
531
509
509
509
505
505
508
509
509
513
516
520
524
520
516
509
513
505
501
505
513
524
524
524
508
509
505
508
505
505
509
508
509
535
520
513
520
524
520
513
520
513
505
512
528
528
513
512
520
520
508
521
523
517
513
509
512
516
524
520
1173
1175
539
546
536
532
527
524
539
528
1225
531
543
535
550
539
524
531
543
527
531
550
524
535
535
531
535
528
524
543
523
547
536
532
524
532
538
532
550
527
520
539
535
535
543
524
535
539
543
531
524
538
531
528
531
528
531
539
524
535
536
528
513
513
513
512
513
513
517
525
516
520
512
513
513
512
516
505
513
513
513
512
509
509
509
512
513
536
524
599
1168
558
566
554
546
520
524
535
536
539
524
535
531
528
535
535
531
532
524
520
531
535
516
528
535
531
542
524
528
523
527
520
531
524
528
520
516
524
516
528
513
524
528
509
512
505
512
512
513
509
513
512
505
512
505
508
502
524
505
508
513
505
509
505
517
508
509
508
520
516
509
524
527
505
513
509
513
512
516
506
505
527
512
513
513
520
509
528
512
509
512
517
1176
1157
569
539
547
528
528
539
532
516
528
531
535
520
528
524
532
532
543
531
520
524
520
524
528
520
513
520
509
517
516
509
509
512
508
505
524
517
524
513
520
520
509
513
513
520
513
527
520
523
516
524
516
513
517
509
527
508
539
513
512
512
513
521
509
516
513
513
520
513
520
509
520
501
517
517
520
520
505
512
501
524
505
517
516
513
517
505
516
505
520
509
512
1179
562
554
528
513
520
520
513
521
509
505
513
505
517
1176
542
535
501
524
516
520
516
527
513
513
520
513
528
512
520
520
516
520
512
527
513
528
517
516
513
516
524
509
516
508
528
516
517
528
512
520
509
516
516
520
523
512
528
527
513
512
520
524
517
524
513
505
512
505
531
512
509
517
509
516
513
513
513
508
513
512
520
512
509
516
509
520
516
513
512
509
516
1161
1236
550
554
535
536
520
521
531
513
505
517
509
505
512
513
512
520
516
505
517
512
505
512
505
502
509
513
505
516
516
509
513
517
501
505
520
509
506
512
505
509
513
520
505
517
509
505
512
508
505
520
509
513
509
505
512
527
513
505
520
509
505
528
508
513
520
528
509
532
517
509
539
520
505
520
516
512
535
520
509
524
513
509
528
520
512
520
520
505
528
516
509
1180
1236
566
565
543
523
520
509
517
528
528
512
509
527
513
505
517
512
505
502
524
509
505
520
517
509
509
520
516
509
524
505
505
517
509
501
501
512
516
505
512
509
513
505
517
509
501
520
509
505
520
516
502
505
520
520
513
505
516
513
502
516
520
501
512
516
520
501
520
513
505
505
516
508
501
509
520
509
509
505
517
531
516
509
513
512
501
505
524
517
505
509
524
1176
1194
539
550
531
524
528
521
528
532
523
521
528
539
535
520
535
543
520
524
524
527
542
523
532
532
524
524
523
539
532
524
535
528
528
524
520
527
527
520
524
543
536
539
520
535
539
524
520
540
528
532
527
539
535
524
524
539
538
539
524
543
535
524
531
521
536
527
528
517
532
512
512
516
520
516
509
517
520
524
520
513
505
536
520
516
509
535
531
509
513
517
524
1153
1165
558
558
516
513
517
501
509
509
505
520
524
516
505
505
517
513
508
505
506
517
512
509
505
505
528
513
509
505
513
