11325
17427
10025
30253
16519
9924
10447
10987
28127
10413
10963
28580
10267
10345
28764
16278
10184
28677
16523
10119
28620
16334
9950
28835
16432
9976
28861
16357
9950
28677
16273
9969
28869
16470
9897
28752
16304
9991
28643
16429
9871
28635
16266
10022
28892
16379
9979
28647
16304
9942
28583
16375
9934
28654
16432
9973
28704
16319
10029
28828
16236
10085
28617
16316
10120
28727
16395
10033
28711
16339
10044
28681
16263
10010
28511
16545
10051
28703
16319
10025
28602
16444
9957
28707
16432
10082
28624
16402
9950
28617
16455
9950
28760
16410
9979
28624
16402
9961
28639
16406
9972
28609
16316
9938
28579
16417
9984
11114
9555
9226
9241
9302
9373
9230
9095
9444
9140
9076
9072
9090
9238
9222
9143
9177
9196
9143
9117
9181
9079
9238
9143
10067
9415
11009
17860
10119
10018
9339
9184
21709
